[version]
# SAP-NOTE=solutions CATEGORY=SOLUTION VERSION=1 DATE=11.11.2020 NAME="Definition of saptune solutions for SLE12"

[ArchX86]
BOBJ = 941735 1771258 1984787 SAP_BOBJ 2993054 1656250
SAP-ASE = 941735 1410736 1680803 1771258 1984787 2993054 1656250
MAXDB = 941735 1771258 1984787
NETWEAVER = 941735 1771258 1984787 2993054 1656250
HANA = 941735 1771258 1980196 1984787 2205917 2382421 2534844 2993054 1656250
NETWEAVER+HANA = 941735 1771258 1980196 1984787 2205917 2382421 2534844 2993054 1656250
S4HANA-APPSERVER = 941735 1771258 1984787 2993054 1656250
S4HANA-DBSERVER = 941735 1771258 1980196 1984787 2205917 2382421 2534844 2993054 1656250
S4HANA-APP+DB = 941735 1771258 1980196 1984787 2205917 2382421 2534844 2993054 1656250

[ArchPPC64LE]
BOBJ = 941735 1771258 1984787 SAP_BOBJ 2993054 1656250
SAP-ASE = 941735 1410736 1680803 1771258 1984787 2993054 1656250
MAXDB = 941735 1771258 1984787
NETWEAVER = 941735 1771258 1984787 2993054 1656250
HANA = 941735 1771258 1980196 1984787 2205917 2382421 2534844 2993054 1656250
NETWEAVER+HANA = 941735 1771258 1980196 1984787 2205917 2382421 2534844 2993054 1656250
S4HANA-APPSERVER = 941735 1771258 1984787 2993054 1656250
S4HANA-DBSERVER = 941735 1771258 1980196 1984787 2205917 2382421 2534844 2993054 1656250
S4HANA-APP+DB = 941735 1771258 1980196 1984787 2205917 2382421 2534844 2993054 1656250
