[ArchX86]
BOBJ = 941735 1771258 1980196 1984787 2534844 SAP_BOBJ
SAP-ASE = 941735 1410736 1680803 1771258 1980196 1984787 2534844
NETWEAVER = 941735 1771258 1980196 1984787 2534844
MAXDB = 941735 1771258 1980196 1984787 2534844
HANA = 941735 1771258 1980196 1984787 2684254 2382421 2534844
S4HANA-APPSERVER = 941735 1771258 1980196 1984787 2382421 2534844
S4HANA-DBSERVER = 941735 1771258 1980196 1984787 2684254 2382421 2534844

[ArchPPC64LE]
NETWEAVER = 941735 1771258 1980196 1984787 2534844
MAXDB = 941735 1771258 1980196 1984787 2534844
HANA = 941735 1771258 1980196 1984787 2684254 2382421 2534844 
S4HANA-APPSERVER = 941735 1771258 1980196 1984787 2382421 2534844
S4HANA-DBSERVER = 941735 1771258 1980196 1984787 2684254 2382421 2534844
